-0.28
-1.53
0.07
-1.21
-1.24
-1.31
-1.54
-1.21
1.33
1.89
-0.4
0.42
-0.25
1.1
1.63
-0.16
0.04
0.09
-0.04
-1.13
1.14
-1.76
1.25
-0.62
-1.58
-0.32
1
-0.22
-0.47
-0.75
-0.8
-0.1
-1.09
-0.25
-0.34
0.31
-1.41
-0.43
-0.95
2.1
-0.04
-0.3
-0.52
0.05
0.1
0.34
-0.4
0.61
1.04
0.22
0.43
-1.03
-0.03
0.1
0.02
-1.23
1.25
-0.98
-0.3
0.69
2.26
0.1
0.71
0.22
-0.07
0.44
0.12
0.08
-1.07
1.22
-1.13
-0.28
1.94
1.61
-0.66
-1.9
0.72
-0.34
0.51
-0.27
-1.63
-0.73
-0.08
-0.15
0.85
-0.5
1.4
-1.36
-1.39
-0.51
-0.48
-0.33
-0.91
0.44
-1.35
0.61
1.68
-1.08
-0.81
0.19
-1.53
-0.61
-0.87
0.33
1.79
-1.04
1
0.66
0.48
-0.08
-0.87
0.29
-0.93
0.13
-0.63
-0.74
-0.06
-1.37
-0.78
1.41
-1.11
-0.69
2.56
-0.24
-0.46
1.16
-0.64
-0.83
-0.82
0.82
0.6
0.14
0.01
-0.16
-0.01
1.1
0.55
0.88
0.89
-0.56
0.2
-0.66
-0.26
0.96
2.82
-0.39
0.48
0.87
0.69
-0.05
-0.39
-0.09
-0.78
-1.75
0.91
-0.57
-0.45
-0.85
-1.58
-0.88
-0.93
0.36
2.05
-0.21
0.2
-0.45
-0.9
0.11
1.91
0.19
-0.91
0
-0.72
0.8
0
0.27
-0.55
0.46
1.74
0.38
-0.57
-0.53
-0.53
-0.51
1.9
1.99
0.28
0.66
0.05
2.31
0.16
0.28
0.56
-0.52
-2.28
-0.34
-3.46
-1.55
0.89
-1.5
-0.52
0.57
0.81
-0.25
-0.39
1.29
1.25
0.09
1.74
0.89
-2.31
-1.82
-1.9
-0.06
1.2
2.87
-0.13
-0.7
0.2
-0.33
1.14
-0.76
0.8
-0.5
-0.49
-1.47
-0.38
0.16
0.22
0.94
0.98
-1.29
-0.04
1.92
0.74
-0.65
-0.44
-0.92
-0.45
-2.15
0.67
0.26
-0.47
1.06
2.5
-0.37
-0.77
0.09
0.13
-1.02
-0.65
0.11
-0.19
-0.92
0.52
0.05
-0.96
-0.17
0.16
1.59
0.99
-0.24
0.03
1.51
0.95
0.21
0.05
1.79
-1.77
0.07
1.41
0.6
1.04
0.31
-0.42
-1.2
0.69
0.13
1.88
1.01
0.11
-0.41
-0.37
0.85
0.25
-0.58
0.94
-0.28
0.84
-0.9
0.88
1.46
-3.55
-0.06
-1.14
0.24
-2.08
-0.78
0.6
0.87
0.72
0.92
2.35
0.57
-0.2
0.19
-0.63
0.2
-0.12
0.09
0.36
-0.65
-0.35
1.02
-0.29
-0.09
1.47
1.31
0.64
-1.54
1.03
-0.81
0.04
-1.57
-0.18
-0.59
0.13
0.34
1.65
1.25
-0.73
0.32
0.88
1.99
-2.68
0.64
-0.1
-1.15
-0.42
0.78
-0.77
-1.32
2.13
0.12
-1.31
2.43
0.52
0.93
0.84
-0.84
-0.33
0.87
-0.08
0.05
-0.91
1.93
-0.06
-0.52
-0.55
1.33
1.1
-0.85
2.6
-0.39
-2.96
1.17
0.99
0
-0.88
1.16
0.89
0
0.61
0.7
-0.38
1.07
-1.26
-0.49
0.08
0.16
-1.13
1.15
0.74
1.98
-1.67
1.46
1.28
0.96
-0.85
-1.74
0.45
-0.58
-0.65
-1.28
-1.57
-1.28
1.06
0.37
0.46
0.08
-0.84
0.27
-1.49
0.67
-0.69
-0.38
1.12
0.64
-1.73
0.83
0.67
1.35
-1.36
0.57
0.43
-0.42
-0.02
0.49
-0.62
0.31
0.14
-1.71
-0.03
-0.86
-0.43
1.23
-0.03
1.09
-1.68
0.4
0.38
-1.21
-1.5
-0.9
0.44
-0.12
0.97
-0.01
1.06
-1.09
-0.42
0.72
0.93
0.61
-1.76
0.1
-0.36
0.23
0.31
-0.17
-0.3
1.61
0.19
0.34
-1.07
-1.65
-1.1
-0.98
1.47
1.04
-0.43
0.68
0.67
-0.32
-0.83
-0.9
-0.28
0.47
0.02
0.02
-0.66
-0.91
-0.71
2.16
-0.53
-0.48
-0.01
1.36
-0.08
0.48
1.27
-0.13
0.29
0.25
1.06
0.29
1.58
1.15
0.51
0.86
-0.1
0.02
0.88
1.14
-1.1
-0.07
0.31
0.92
-1
0
-0.3
-0.88
1.61
-0.36
-0.03
0.68
-1.4
1.24
2.08
-0.78
-1.31
0.33
0.96
-2.18
-0.47
-0.91
1.01
-0.8
0.33
-0.43
-0.19
1.58
0.28
-0.24
1.03
-0.45
1.87
-0.04
0.53
1.16
-1.53
0.21
0.59
-0.39
-0.19
-0.59
0.71
-1.22
-0.05
-0.59
-0.94
0
-0.55
0.07
0.07
0.61
1.23
0.83
-0.79
-0.89
0.62
-1.69
-0.9
0.24
0.12
-0.04
1.21
-0.43
0.04
-0.76
0.98
0.62
2.08
0.71
1.82
-0.82
1.45
-1.16
-0.72
-0.45
-1.36
1.9
-0.39
1.55
0.02
0.25
0.19
-0.46
-0.3
-0.49
1.33
1.07
1.83
-0.14
0.36
-1.47
-0.65
-1.04
-0.25
0.24
-1.13
-0.44
-0.39
1.11
0.98
-0.39
-0.87
0.32
-0.68
1.46
1.54
0.61
-1.74
0.5
-1.03
1.11
2.02
-0.08
-0.8
0.01
0.78
1.55
-0.87
1.83
2.52
-1.22
0.24
1.11
0.39
0.45
-0.84
-0.18
-1.78
-0.69
-0.02
-0.11
0.74
0.2
0.39
2.12
1.16
0.75
-0.02
0.51
0.7
1.86
0.73
-0.07
1.18
0.41
1.56
-0.7
-1.37
-1.46
-0.19
0.17
0.73
-1.04
0.59
0.87
0.36
-0.31
-2.39
0.69
-1.81
-1.34
-0.54
-1.19
-0.47
-1.36
-0.24
0.8
0.65
-0.26
0.76
1.63
2.09
0.82
-0.18
1.89
0.56
0.04
0.3
0.11
-0.84
-0.27
-1.3
-0.88
2.19
0.29
0.39
-0.67
0.37
0.04
-1.64
0.11
-1.5
-1.01
0.96
0.57
0.82
1.63
1.08
-0.47
0.58
-0.62
-0.19
-1.59
-0.52
0.88
-0.91
0.83
1.43
1.45
-0.92
-0.26
0.31
0.95
-0.19
-1.35
-0.49
-0.03
0.4
-1.58
-1.4
0.39
1.1
-0.24
1.43
0.42
0.22
-1.83
1.73
0.15
0.81
1.24
-1.52
-0.52
-0.92
-0.93
0.51
-1.35
-0.25
2.92
-1.3
0.67
-1.09
-1.22
0.58
-1.25
-0.72
-1.46
1.08
1.56
0.75
0.37
0.29
-0.73
-1.45
-0.25
0.21
0.13
-1.68
1.81
1.46
1.29
-0.96
-0.73
-0.31
0.76
0.53
-0.09
0.96
-0.15
1.28
0.44
-1.26
-1.63
1.56
0.38
-1.27
0.86
0.61
-0.68
1.7
0.54
0.43
1.52
-0.32
-0.12
0.67
-0.97
0.48
-0.35
-0.69
0.66
-1.09
-0.78
-0.18
-0.58
0.04
-1.64
-0.07
0.08
-0.18
-1.13
-1.17
-0.39
0.15
1.23
1.02
0.28
0.73
-0.04
1.52
-0.42
0.63
1.47
-0.07
0.58
0.51
-0.11
-0.5
0.54
-1.55
-0.07
-0.63
0.76
-1.19
1.09
0.29
0.38
2.01
1.69
-0.53
-0.02
1.48
-0.99
0.89
-0.01
0.5
0.37
0.09
0.7
-0.08
-0.84
-1.39
0.48
0.74
-0.91
0.76
-0.04
-0.64
0.57
-0.84
0.61
1.42
-1.56
-0.37
-0.9
0.84
1.33
-0.89
-0.54
0.89
0.31
-0.2
-0.59
-0.6
-0.06
0.69
-0.47
-0.38
-0.96
-1.26
0.83
1.2
-1.23
0.6
0.08
-0.74
-1.37
1.59
0.19
-0.68
0.45
2.4
-0.66
-0.91
1.03
1.83
0.04
1.22
1.48
-1.33
-0.1
-2.2
-0.52
-0.69
0.35
-0.12
1.24
0.65
0.18
-1.59
-1.13
-1.95
0.13
-1.46
-0.99
1.24
-1.79
0.32
0.09
-1.18
-0.71
1.06
-1.06
-2.28
-0.6
1.42
-0.83
-1.41
-1.16
0.78
-1.59
-2.24
-1.27
-0.78
0.88
-0.61
-1.13
-0.63
-0.49
-1.21
1.3
-2.15
1.3
-0.72
0.74
1.06
-0.81
-0.19
0.17
1.14
-1.03
-2.01
0.85
1.68
-0.91
-0.45
0.99
-0.98
1.07
-0.27
1.03
-0.54
0.17
0.03
0.06
2.33
0.19
0.05
2.28
-1.15
-2.51
0.48
-0.48
-0.55
-1.97
0.67
-1.78
0.89
0.2
0.09
-1.41
-0.14
0.81
-1.2
1.08
2.53
0.16
0.13
0.77
0.61
-0.06
-0.2
-0.2
-1.4
0.11
1.12
-0.45
-0.68
-0.82
0.69
-0.61
-0.67
0.66
0.13
0.4
2.29
0.18
0.42
1.13
0.89
-0.51
2.35
0.63
-0.28
-0.88
-0.65
0.46
0.98
0.03
0.99
-0.03
0.8
-1.2
0.64
-0.54
-1.31
-0.71
-0.62
0.36
-1.35
-0.64
-0.03
-1.63
0.48
0.3
-0.19
-0.93
-0.43
0.22
-1.45
-0.1
-0.71
0.88
-1.02
1.27
-1.48
-0.84
1.69
1.03
-1
1.74
0.44
0.32
-0.46
-0.65
-0.06
-0.05
0.47
1.34
-0.26
-1.25
-0.58
-0.85
-0.75
0.59
-0.67
-0.27
-2.22
0.78
-0.16
-2.08
0.63
0.01
-0.95
-0.05
0.11
0.33
-0.71
0.15
0.42
0.43
-1.31
0.23
-0.99
0.92
-0.41
1.08
-0.58
-1.54
-0.21
-0.61
-1.22
-0.91
-0.22
0.43
-1.29
0.42
-0.29
0.2
0.11
0.28
0.2
-2.04
-0.95
-0.2
0.36
-0.79
0.78
-0.13
-0.33
0.31
-0.76
0.9
-0.16
1.18
