0.63
1.24
0.33
1.01
0.55
1.17
0.73
0.36
1.75
1.61
0.66
0.82
1.42
2.4
0.75
0.94
0.49
1.2
0.9
0.07
0.62
0.51
1.22
0.7
1.8
1.44
1.38
0.92
0.84
1.23
1.67
1.7
1.04
0.52
0.86
1.78
0.77
1.33
0.86
0.42
1.68
0.92
1.56
0.98
0.43
1.62
-0.01
0.57
0.21
1.55
0.51
1.54
1.62
1.07
0.28
1.69
1.41
1.58
0.78
1.53
0.47
1.24
0.06
0.7
-0.61
1.07
1.25
1.15
1.35
0.14
0.69
0.64
1.02
0.91
1.1
0.54
0.54
1.97
1.78
0.85
0.55
1.72
0.23
0.51
0.8
-0.13
1.07
1.98
-0.23
0.2
0.93
1.46
0.85
1.14
0.58
2.35
1.03
0.64
1.53
1.01
0.89
0.26
1.42
0.77
0.5
1.33
0.62
1.66
0.63
0.3
1.47
1.02
0.9
-0.15
0.96
1.32
0.87
0.78
1.23
0.86
0.67
0.76
0.93
0.61
0.72
1.59
0.5
1.54
1.6
0.74
0.13
1.12
1.33
1.53
0.92
1.46
0.36
0.87
0.27
0.62
0.85
0.96
0.86
0.86
1.17
1.77
0.45
0.99
1.18
1.16
0.64
1
1.04
1.11
1.52
0.05
1
0.5
1.29
1.72
1.88
0.91
0.28
1.31
0.75
1.33
0.9
1.16
0.68
0.32
-0.07
1.62
0.28
2.43
0.84
1.13
0.91
0.41
0.3
0.62
1.21
0.54
1.77
1.3
1.12
1.06
0.59
0.72
1
1.03
1.48
2.29
1.65
0.88
0.92
1.39
1.14
0.78
1.35
0.7
0.31
0.61
0.25
0.31
1.2
0.57
0.67
0.53
1.97
0.4
0.91
0.12
0.81
0.15
1.65
0.8
0.87
0.73
0.71
0.73
0.29
1.86
0.9
1.19
0.71
0.74
1.76
0.36
0.61
0.03
1.45
0.7
1.32
0.66
0.45
1.02
0.11
0.97
0.89
0.86
0.81
0.09
1.14
0.87
0.86
1.13
0.88
1.17
1.54
1.3
0.9
1.76
0.99
1.1
0.56
0.98
0.85
0.82
2.43
0.88
0.66
1.24
-0.03
0.7
1.56
1.06
1.9
0.7
0.31
0.45
0.83
1.39
1.26
0.7
1.63
0.43
0.57
0.52
1.43
1.31
1.18
0.82
1.16
0.79
0.95
1.03
1.44
1.01
1.98
0.89
1.46
0.73
1.17
-0.18
0.35
1.76
1.11
0.76
1.04
1.33
-0.81
1.53
1.8
1.06
1.34
0.54
1.75
1.56
1.22
1.55
0.33
0.14
0.35
1.31
1.09
0.34
0.55
1.59
1.55
1.38
0.75
0.69
0.96
0.92
1.19
1.59
1.5
1.01
-0.1
1.48
1.88
1.64
1.41
0.45
0.88
1.35
1.22
0.79
1.29
0.34
1.31
0.31
1.06
0.52
1.13
1.54
1.37
0.62
0.87
0.8
0.86
0.28
0.84
1.12
0.26
0.58
0.95
1.05
1.64
0.88
0.43
1.27
1.2
0.63
1.59
1.13
0.83
1.24
1.14
1.81
0.39
0.86
0.28
1
0.35
0.1
0.9
1.53
-0.06
1.61
1.64
1.06
1.56
1.82
0.3
1.37
0.21
1.61
1.49
1.1
1.76
1.31
1.43
0.92
1.27
1.02
1.36
0.82
0.68
1.15
1.38
1.18
0.18
0.58
1.67
1.48
0.58
0.28
0.58
0.91
0.15
0.02
1.06
1.33
1.45
1
0.81
-0.09
0.62
1.33
0.84
0.46
0.34
0.79
0.38
1.15
0.41
1.02
1.29
0.86
0.31
1.41
1.3
0.82
1.63
0.71
0.74
1.12
0.79
1.4
0.6
0.55
0.01
1.65
0.38
-0.13
1.14
1.69
-0.46
0.48
0.12
0.74
0.32
0.9
0.53
0.41
1.26
0.21
0.17
0.54
0.8
1.15
0.93
0.35
1.46
1.89
0.61
0.82
1.67
1.3
1.38
1.32
0.32
0.78
1.11
0.81
1.61
0.94
1.13
1.53
0.75
0.74
0.32
1.19
1.01
1.07
1.04
-0.02
1.42
1.66
1.35
1.33
1.13
2.11
0.8
0.23
1.2
0.99
1.2
0.4
0.8
1.29
0.36
0.82
0.48
0.33
1.19
0.58
1.25
1.16
0.16
1.06
1.06
1.04
1.57
1.14
0.81
0.28
0.87
1.11
1.23
0.71
1.31
0.55
1.12
0.62
1.5
0.02
0.63
1.32
0.63
0.79
1.31
1.13
0.49
-0.13
0.91
1.39
1.43
0.77
0.77
0.93
0.95
0.83
1.37
1.64
0.23
1.71
0.89
0.9
1.34
1.58
1
0.72
2.02
0.37
0.61
1.75
0.97
1.1
0.68
0.65
1.1
0.49
1.36
0.66
0.96
1.07
0.58
0.68
1.65
1.11
1.34
0.85
0.4
1.71
0.31
0.69
0.93
0.63
1.44
1.26
0.43
0.35
0.16
-0.4
1.18
0.95
0.82
0.69
0.62
2.12
1.63
1.19
0.76
1.27
-0.25
0.77
1.18
1.07
0.67
1.12
1.03
0.96
1.35
0.78
1.35
0.77
1.06
0.9
1.29
1.1
0.69
1.13
0.14
0.73
2.09
1.18
0.93
1.24
0.86
0.8
0.75
1.17
1.19
0.39
0.44
0.8
0.92
0.86
1.39
2.03
1.24
0.19
0.78
0.39
0.7
1.12
1.08
0.26
1.02
0.43
1.28
1.54
0.35
0.89
0.54
1.8
0.6
2.04
1.08
1.57
2.03
0.05
-0.25
-0.02
1.14
0.67
1.1
0.62
1.39
1.51
0.95
0.38
1.23
1.36
1.26
1.76
0.85
0.46
0.88
0.58
1.2
1.8
1.42
1.5
1.46
0.73
1.37
0.69
0.96
2.13
1.25
2.27
1.54
1.22
0.51
1
1.58
0.9
1.12
0.93
1.11
0.68
0.88
1.29
0.53
1.21
1.25
0.66
1.16
0.76
1.43
1.2
0.47
0.55
1.48
1.14
2.06
0.79
0.5
1.43
0.14
0.84
1.96
0.72
0.98
1.07
0.79
0.96
1.34
0.79
1.59
0.67
1
0.33
0.71
1.11
0.99
0.05
1.41
1.56
1.68
0.19
1.27
0.74
1.58
1.69
0.74
1.56
0.72
1.29
0.95
1.55
1.77
1.37
0.72
0.46
0.78
1.53
0.43
0.98
1.45
0.36
1.33
0.68
0.92
2.14
1.26
1.14
1.35
1.07
1.27
1.6
0.12
0.45
1.04
1.68
1.54
0.31
0.6
0.96
2.35
0.36
0.48
1.06
0.76
1.86
1.82
1.79
1.33
1.83
1
0.67
1.35
1.38
1.3
1.74
0.37
1.1
1.13
1.26
1.39
0.53
0.79
0.4
1.06
0.91
1.07
0.69
1.02
1.04
1.69
2.11
1.34
1.02
0.67
1.61
1.41
0.35
0.21
0.33
0.43
0.87
1.19
1.07
0.27
0.51
1.57
0.75
0.77
0.38
1.18
1.3
0.34
1.09
1.28
1.34
1.08
1.15
0.94
1.93
1.39
0.22
0.74
1
0.13
0.37
0.4
0.99
1.2
0.2
1.13
0.75
0.19
2.09
0.93
1.31
1.65
1.68
1.65
1.5
-0.04
1.71
1.89
0.65
0.72
1.1
0.34
0.88
0.58
0.85
1.45
0.29
0.63
0.19
1.09
0.94
1.22
1.64
1.14
0.84
0.35
1.46
1.42
1.63
0.15
1.7
-0.17
0.95
0.52
1.44
0.95
1.05
1.23
0.75
0.76
0.95
0.76
1.03
1.04
0.95
0.83
0.53
0.93
1.14
1.97
0.73
1.38
0.61
1.2
1.78
0.37
1.37
0.94
1.2
-0.14
0.69
0.55
0.42
0.19
1.39
0.65
0.55
1.84
1.27
-0.11
0.56
1.19
1.79
0.64
0.85
0.61
1.23
0.96
0.39
1.02
0.53
0.97
1.1
0.23
0.72
1.71
0.42
1.36
0.99
0.73
0.58
0.29
0.86
0.15
2.53
1.52
0.51
0.85
1.02
1.27
0.72
1.97
0.3
0.17
1.17
1.14
1.6
1.41
1.18
0.89
0.91
1.37
1.16
0.57
0.67
1.18
1.47
0.21
1.85
1.04
0.19
1.01
0.58
1.18
1.22
-0.1
0.71
1.16
1.31
1.82
0.28
1.32
0.89
0.89
1.37
1.34
0.37
0.17
1.13
0.99
0.47
-0.07
0.84
0.62
0.2
1.38
0.64
0.57
1.32
0.48
1.18
0.24
1.2